9
0	195	149	365	281	374	455	505	504
195	0	283	189	219	399	416	395	511
149	283	0	399	241	251	362	459	381
365	189	399	0	200	395	345	250	468
281	219	241	200	0	200	198	226	295
374	399	251	395	200	0	142	303	131
455	416	362	345	198	142	0	176	131
505	395	459	250	226	303	176	0	302
504	511	381	468	295	131	131	302	0
